Temp Guesses:

guess3=[3,86,123,175,173,215,290,219,348,334,563,500,504,522,545,437,484,510,538,546,387,324,356,332,378,398]
guess4=[3,86,123,175,153,195,270,179,318,334,563,500,504,522,545,437,484,510,508,496,387,254,286,332,378,398]
guess5=[3,66,73,175,173,185,320,179,298,334,563,500,504,522,545,437,484,510,468,536,367,224,266,392,318,398]
manualguess2=[611,26,247,583,322,99,628,615,680,170,111,520,178,360,308,175,82,454,138,250,272,647,224,501,163,34]
guess6=[641, 26, 257, 553, 342, 99, 588, 625, 670, 180, 111, 490, 178, 330, 318, 175, 82, 454, 138, 290, 302, 647, 224, 511, 183, 34]
guess7=[521, 26, 337, 483, 342, 99, 538, 625, 510, 110, 21, 550, 178, 330, 318, 175, 82, 454, 138, 290, 352, 647, 164, 511, 183, 34]
manualguess3=[611,26,247,583,322,99,628,615,680,170,111]
guess8=[521,56,237,513,342,109,688,45,670,170,111]
manualguess4=[611,26,247,583,322,99,628,615,680,170,111,115,237,393,275,203,366]
guess9=[521,56,317,513,342,69,478,485,670,110,41,275,337,563,315,183,366]
manualguess5=[423,392,358,549,165,45,90,471,301,361,362,15,46,268,338,452,269,246,340,238]
guess10=[423,342,478,519,85,55,110,501,561,481,352,5,136,428,318,452,209,296,330,288]
#print(pixelcost(sumfunc(guess)))
#print(pixelcost(sumfunc(guess3)))
#print(pixelcost(sumfunc(guess4)))
#print(pixelcost(sumfunc(guess5)))
#print(pixelcost(sumfunc(manualguess2)))
#print(pixelcost(sumfunc(guess6)))
#print(pixelcost(sumfunc(guess7)))
print(pixelcost(sumfunc(manualguess5)))
print(pixelcost(sumfunc(guess10)))